10
2
250.0 380.0 1.0
250.0 380.0 -1.0
2
250.0 380.0 -1.0
500.0 380.0 -1.0
2
500.0 380.0 -1.0
500.0 380.0 1.0
2
500.0 380.0 1.0
250.0 380.0 1.0
2
250.0 380.0 1.0
250.0 130.0 1.0
2
250.0 130.0 1.0
500.0 130.0 1.0
2
500.0 130.0 1.0
500.0 380.0 1.0
2
250.0 380.0 -1.0
250.0 130.0 -1.0
2
250.0 130.0 -1.0
500.0 130.0 -1.0
2
500.0 130.0 -1.0
500.0 380.0 -1.0




5
250.0 230.0 -2.0
250.0 230.0 0.5
250.0 230.0 1.0
5
500.0 230.0 -2.0
500.0 230.0 0.5
500.0 230.0 1.0
5
250.0 230.0 -2.0
375.0 290.0 -2.0
500.0 230.0 -2.0
375.0 150.0 -2.0
250.0 230.0 -2.0
5
375.0 290.0 -2.0
375.0 290.0 0.5
375.0 290.0 1.0
5
375.0 150.0 -2.0
375.0 150.0 0.5
375.0 150.0 1.0
